=== sml-kalman demo ==========================================

Constant-velocity tracking: true pos(t) = 2t, dt = 1,
  measurement = true + fixed offset, R = 0.25, Q = 0.

   t |      true |      meas |   est_pos |   est_vel |   var_pos
------------------------------------------------------------------
   1 |    2.0000 |    2.5000 |    2.4691 |    1.2346 |    0.2469
   2 |    4.0000 |    3.6000 |    3.6045 |    1.1419 |    0.2392
   3 |    6.0000 |    6.3000 |    6.0158 |    1.8854 |    0.2043
   4 |    8.0000 |    7.8000 |    7.8312 |    1.8558 |    0.1730
   5 |   10.0000 |   10.6000 |   10.2304 |    2.0353 |    0.1488
   6 |   12.0000 |   11.5000 |   11.8671 |    1.9273 |    0.1301
   7 |   14.0000 |   14.1000 |   13.9356 |    1.9597 |    0.1155
   8 |   16.0000 |   15.7000 |   15.8143 |    1.9436 |    0.1037
   9 |   18.0000 |   18.4000 |   17.9996 |    1.9861 |    0.0941
  10 |   20.0000 |   19.9000 |   19.9562 |    1.9815 |    0.0861
  11 |   22.0000 |   22.2000 |   22.0209 |    1.9933 |    0.0793
  12 |   24.0000 |   23.4000 |   23.8335 |    1.9698 |    0.0735

===============================================================
